Numpy solution:
[-2.00536996e+02 -4.08531015e-01 -7.55047636e-01 -2.88261628e-01
 -9.50545518e-02 -5.13636347e-03  4.38024409e-02  7.42724568e-02
  9.54649068e-02  1.11578106e-01  1.24713624e-01  1.36005027e-01
  1.46101302e-01  1.55394210e-01  1.64128831e-01  1.72466428e-01
  1.80512895e-01  1.88344822e-01  1.96011063e-01  2.03554488e-01
  2.10995297e-01  2.18365049e-01  2.25663461e-01  2.32925789e-01
  2.40127453e-01  2.47325045e-01  2.54452103e-01  2.61618723e-01
  2.68675892e-01  2.75850133e-01  2.82815038e-01  2.90047512e-01
  2.96861089e-01  3.04280907e-01  3.10817917e-01  3.18589313e-01
  3.24448525e-01  3.33107448e-01  3.38013621e-01  3.48599638e-01
  3.49940344e-01  3.63253985e-01  3.60197144e-01  3.86828188e-01
  3.72846537e-01  4.00625586e-01  3.55106165e-01  4.65095477e-01
  4.28601688e-01  6.00834700e-01]

Seidel method solution
[-2.00536996e+02 -4.08531015e-01 -7.55047636e-01 -2.88261628e-01
 -9.50545517e-02 -5.13636336e-03  4.38024411e-02  7.42724569e-02
  9.54649069e-02  1.11578106e-01  1.24713624e-01  1.36005027e-01
  1.46101302e-01  1.55394210e-01  1.64128831e-01  1.72466428e-01
  1.80512895e-01  1.88344822e-01  1.96011063e-01  2.03554488e-01
  2.10995297e-01  2.18365049e-01  2.25663461e-01  2.32925789e-01
  2.40127453e-01  2.47325045e-01  2.54452103e-01  2.61618723e-01
  2.68675892e-01  2.75850133e-01  2.82815038e-01  2.90047512e-01
  2.96861089e-01  3.04280907e-01  3.10817917e-01  3.18589313e-01
  3.24448525e-01  3.33107448e-01  3.38013621e-01  3.48599638e-01
  3.49940344e-01  3.63253985e-01  3.60197144e-01  3.86828188e-01
  3.72846537e-01  4.00625586e-01  3.55106165e-01  4.65095477e-01
  4.28601688e-01  6.00834700e-01]
Iterations count = 25
Solution precision by infinity norm: 0.0000000002
