Main diagonal B:
[100. 100. 100. 100. 100. 100. 100. 100. 100. 100. 100. 100. 100. 100.
 100. 100. 100. 100. 100. 100. 100. 100. 100. 100. 100. 100. 100. 100.
 100. 100. 100. 100. 100. 100. 100. 100. 100. 100. 100. 100. 100. 100.
 100. 100. 100. 100. 100. 100. 100. 100.]
Lower subdiagonal A:
[2. 2. 2. 2. 2. 2. 2. 2. 2. 2. 2. 2. 2. 2. 2. 2. 2. 2. 2. 2. 2. 2. 2. 2.
 2. 2. 2. 2. 2. 2. 2. 2. 2. 2. 2. 2. 2. 2. 2. 2. 2. 2. 2. 2. 2. 2. 2. 2.
 2.]
Upper subdiagonal C:
[1. 1. 1. 1. 1. 1. 1. 1. 1. 1. 1. 1. 1. 1. 1. 1. 1. 1. 1. 1. 1. 1. 1. 1.
 1. 1. 1. 1. 1. 1. 1. 1. 1. 1. 1. 1. 1. 1. 1. 1. 1. 1. 1. 1. 1. 1. 1. 1.
 1.]
Coefficients D:
[-2.00689795e+04 -6.25697410e+01 -8.32532949e+01 -3.06108855e+01
 -8.39404512e+00  2.24710446e+00  8.21466622e+00  1.20396314e+01
  1.47716414e+01  1.68971108e+01  1.86627560e+01  2.02031814e+01
  2.15963248e+01  2.28895882e+01  2.41130141e+01  2.52863204e+01
  2.64228428e+01  2.75318378e+01  2.86198783e+01  2.96917258e+01
  3.07508916e+01  3.18000060e+01  3.28410682e+01  3.38756167e+01
  3.49048499e+01  3.59297108e+01  3.69509488e+01  3.79691649e+01
  3.89848448e+01  3.99983842e+01  4.10101077e+01  4.20202830e+01
  4.30291327e+01  4.40368427e+01  4.50435689e+01  4.60494429e+01
  4.70545764e+01  4.80590642e+01  4.90629877e+01  5.00664164e+01
  5.10694103e+01  5.20720212e+01  5.30742940e+01  5.40762678e+01
  5.50779767e+01  5.60794503e+01  5.70807149e+01  5.80817933e+01
  5.90827057e+01  6.00834700e+01]
Solution X:
[-2.00683620e+02 -6.17524484e-01 -8.17292669e-01 -2.88979069e-01
 -7.83932080e-02  2.32338238e-02  8.05084970e-02  1.17348877e-01
  1.43726608e-01  1.64282788e-01  1.81378844e-01  1.96306101e-01
  2.09813553e-01  2.22357342e-01  2.34226872e-01  2.45612245e-01
  2.56642124e-01  2.67405866e-01  2.77966952e-01  2.88371388e-01
  2.98653112e-01  3.08837557e-01  3.18944056e-01  3.28987492e-01
  3.38979458e-01  3.48929082e-01  3.58843617e-01  3.68728881e-01
  3.78589575e-01  3.88429532e-01  3.98251893e-01  4.08059254e-01
  4.17853770e-01  4.27637240e-01  4.37411175e-01  4.47176852e-01
  4.56935351e-01  4.66687592e-01  4.76434362e-01  4.86176336e-01
  4.95914095e-01  5.05648141e-01  5.15378909e-01  5.25106779e-01
  5.34832080e-01  5.44555101e-01  5.54276088e-01  5.63995876e-01
  5.73653523e-01  5.89361630e-01]
Solution for smaller matrix
Main diagonal B:
[5. 5. 5.]
Lower subdiagonal A:
[4. 4.]
Upper subdiagonal C:
[3. 3.]
Coefficients D:
[1 2 3]
Solution X:
[0.09846154 0.16923077 0.38461538]